{
	"OrbitsData": [
		{
			"BodyName": "Earth",
			"AttractorName": "",
			"AttractorMass": 0.0,
			"EC": 0.0,
			"IN": 0.0,
			"OM": 0.0,
			"W": 0.0,
			"MA": 0.0,
			"A": 0.0,
			"Diameter": 6378.137,
			"Color": {
				"r": 0.2,
				"g": 0.2,
				"b": 0.8,
				"a": 1.0
			}
		},
		{
			"BodyName": "Moon",
			"AttractorName": "Earth",
			"AttractorMass": 5.9722e24,
			"EC": 4.995263313385102e-2,
			"IN": 5.279868038290657,
			"OM": 5.223162231345259e1,
			"W": 2.039009830770900e2,
			"MA": 1.123759516098925e2,
			"A": 3.827926192695039e5,
			"Diameter": 1737.4,
			"Color": {
				"r": 0.8,
				"g": 0.8,
				"b": 0.8,
				"a": 1.0
			}
		}
	]
}